(level) (height) (width) (strength) (specialItem) (character)
character:  1: salman
            2: gura
            3: stacy
            4: teacher
            5: worker
            6: dreamedGura
            7: dreamedTeacher

Level
1 8 8 12 1 1
{
    1,1,1,1,1,1,1,1
    1,0,0,0,0,4,9,1
    1,0,4,4,4,0,0,1
    1,4,4,0,0,4,0,1
    1,0,0,0,4,5,4,1
    1,0,4,4,0,4,0,1
    1,10,0,0,0,0,0,1
    1,1,1,1,1,1,1,1
}
============================
Level
2 8 8 12 0 2
{
    1,1,1,1,1,1,1,1
    1,4,0,0,0,4,9,1
    1,4,0,4,0,0,0,1
    1,0,4,0,4,4,4,1
    1,0,0,4,4,0,0,1
    1,0,0,0,0,4,0,1
    1,10,0,0,0,0,4,1
    1,1,1,1,1,1,1,1   
}
============================
Level
3 8 8 13 0 4
{
    1,1,1,1,1,1,1,1
    1,4,0,0,4,0,9,1
    1,0,0,4,4,0,4,1
    1,0,4,0,4,0,0,1
    1,4,0,4,4,0,4,1
    1,0,0,4,4,0,0,1
    1,10,0,4,0,0,4,1
    1,1,1,1,1,1,1,1
}
============================
Level
4 8 8 12 0 1
{
    1,1,1,1,1,1,1,1
    1,0,0,0,0,0,9,1
    1,0,4,0,0,4,0,1
    1,4,0,4,0,0,0,1
    1,4,0,0,4,4,0,1
    1,0,4,0,4,0,0,1
    1,10,4,0,0,0,4,1
    1,1,1,1,1,1,1,1
}
============================
Level
5 8 8 13 0 2
{
    1,1,1,1,1,1,1,1
    1,0,0,0,4,0,9,1
    1,4,0,4,0,4,0,1
    1,0,4,0,4,0,0,1
    1,0,0,4,4,0,0,1
    1,0,0,0,0,4,4,1
    1,10,4,4,0,0,4,1
    1,1,1,1,1,1,1,1
}
============================
Level
6 8 8 13 0 4
{
    1,1,1,1,1,1,1,1
    1,4,0,4,4,0,9,1
    1,0,4,0,0,4,0,1
    1,4,0,4,4,0,4,1
    1,4,0,4,4,0,4,1
    1,0,4,0,0,4,0,1
    1,10,0,4,4,0,4,1
    1,1,1,1,1,1,1,1
}
============================
Level
7 8 8 24 1 1
{
    1,1,1,1,1,1,1,1
    1,5,4,4,0,0,9,1
    1,0,0,0,0,4,0,1
    1,4,4,4,0,4,0,1
    1,4,0,4,4,4,0,1
    1,0,4,0,0,4,4,1
    1,10,4,0,4,0,0,1
    1,1,1,1,1,1,1,1
}
============================
Level
8 8 8 15 0 2
{
    1,1,1,1,1,1,1,1
    1,0,4,0,4,0,9,1
    1,4,0,0,0,0,0,1
    1,4,0,4,4,4,4,1
    1,0,4,4,4,0,0,1
    1,4,0,4,0,4,0,1
    1,10,0,4,0,0,4,1
    1,1,1,1,1,1,1,1
}
============================
Level
9 8 8 22 1 4
{
    1,1,1,1,1,1,1,1
    1,0,0,4,4,0,9,1
    1,5,0,4,4,0,0,1
    1,4,0,4,0,4,0,1
    1,0,4,4,0,0,4,1
    1,0,0,0,4,4,0,1
    1,10,4,4,0,0,0,1
    1,1,1,1,1,1,1,1
}
============================
Level
10 8 8 17 1 1
{
    1,1,1,1,1,1,1,1
    1,0,0,0,4,4,9,1
    1,5,4,0,0,4,0,1
    1,4,0,0,0,0,0,1
    1,0,0,0,4,0,0,1
    1,4,4,0,0,4,4,1
    1,10,0,4,0,0,0,1
    1,1,1,1,1,1,1,1
}
============================
Level
11 8 8 16 1 2
{
    1,1,1,1,1,1,1,1
    1,4,0,4,0,0,9,1
    1,0,4,0,4,0,0,1
    1,0,0,0,0,0,4,1
    1,4,0,4,4,0,0,1
    1,0,4,4,0,0,0,1
    1,10,0,4,4,5,0,1
    1,1,1,1,1,1,1,1
}
============================
Level
12 8 8 24 1 4
{
    1,1,1,1,1,1,1,1
    1,5,4,4,0,0,9,1
    1,0,0,0,0,4,0,1
    1,4,4,4,0,4,0,1
    1,4,0,4,4,4,0,1
    1,0,4,0,0,4,4,1
    1,10,4,0,4,0,0,1
    1,1,1,1,1,1,1,1
}
============================
Level
13 10 12 99 0 1
{
    6,6,6,1,1,1,1,1,1,6,6,6
    6,6,6,1,9,0,0,0,1,6,6,6
    6,6,6,1,4,4,8,0,1,6,6,6
    1,1,1,1,0,0,0,0,1,1,6,6
    1,0,4,0,0,7,7,0,4,1,1,1
    1,0,0,0,0,0,0,0,4,0,0,1
    1,1,0,4,7,0,4,4,0,0,4,1
    6,1,1,0,8,4,0,0,0,1,1,1
    6,6,1,1,10,0,8,4,0,1,6,6
    6,6,6,1,1,1,1,1,1,1,6,6
}
============================
Levell
14 0 0 0 0 0
{
    6,6,6,1,1,1,1,1,1,6,6,6
    6,6,6,1,0,0,0,0,1,6,6,6
    6,6,6,1,0,0,0,0,1,6,6,6
    1,1,1,1,0,0,0,0,1,1,6,6
    1,0,0,0,0,7,7,0,0,1,1,1
    1,0,0,0,0,0,0,0,0,0,0,1
    1,1,0,0,7,0,0,0,0,0,0,1
    6,1,1,0,0,0,0,0,0,1,1,1
    6,6,1,1,0,0,0,0,0,1,6,6
    6,6,6,1,1,1,1,1,1,1,6,6
}
============================
Levell
15 0 0 0 0 0
{

}
============================
Level
16 10 12 99 0 1
{
    6,6,6,1,1,1,1,1,1,6,6,6
    6,6,6,1,0,4,0,0,1,6,6,6
    6,6,6,1,0,0,0,4,1,6,6,6
    1,1,1,1,0,4,8,0,1,1,6,6
    1,10,0,0,8,7,7,4,0,1,1,1
    1,0,4,0,4,0,0,0,4,4,0,1
    1,1,0,4,7,4,0,4,0,8,9,1
    6,1,1,0,0,0,4,0,0,1,1,1
    6,6,1,1,0,0,0,0,4,1,6,6
    6,6,6,1,1,1,1,1,1,1,6,6
}
============================
Level
17 10 12 99 0 2
{
    6,6,6,1,1,1,1,1,1,6,6,6
    6,6,6,1,4,0,0,9,1,6,6,6
    6,6,6,1,8,4,0,4,1,6,6,6
    1,1,1,1,8,0,4,0,1,1,6,6
    1,4,0,4,0,7,7,8,4,1,1,1
    1,0,4,4,0,0,4,0,0,0,4,1
    1,1,0,0,7,0,0,4,0,4,0,1
    6,1,1,4,4,8,4,8,0,1,1,1
    6,6,1,1,10,0,4,0,0,1,6,6
    6,6,6,1,1,1,1,1,1,1,6,6
}
============================
Level
18 10 12 99 0 2
{
    6,6,6,1,1,1,1,1,1,6,6,6
    6,6,6,1,0,0,0,0,1,6,6,6
    6,6,6,1,0,4,0,8,1,6,6,6
    1,1,1,1,4,8,4,0,1,1,6,6
    1,10,0,0,0,7,7,4,0,1,1,1
    1,0,4,0,4,8,8,0,4,0,0,1
    1,1,0,4,7,4,4,0,8,0,9,1
    6,1,1,0,0,8,0,4,0,1,1,1
    6,6,1,1,4,0,8,0,4,1,6,6
    6,6,6,1,1,1,1,1,1,1,6,6
}
============================
Level
19 10 12 99 0 1
{
    6,6,6,1,1,1,1,1,1,6,6,6
    6,6,6,1,10,4,0,0,1,6,6,6
    6,6,6,1,0,0,0,0,1,6,6,6
    1,1,1,1,0,0,4,4,1,1,6,6
    1,0,4,0,8,7,7,0,0,1,1,1
    1,4,0,4,0,4,4,0,4,8,0,1
    1,1,0,0,7,8,4,0,0,0,4,1
    6,1,1,0,4,0,0,0,0,1,1,1
    6,6,1,1,0,0,4,0,9,1,6,6
    6,6,6,1,1,1,1,1,1,1,6,6
}
============================
Levell
20 0 0 0 0 0
{

}
============================
Levell
21 0 0 0 0 0
{

}
============================
Levell
22 0 0 0 0 0
{

}
============================
Levell
23 0 0 0 0 0
{

}
============================
Level
24 10 15 99 0 3 
{
    6,1,1,1,1,1,1,1,1,1,1,1,1,1,6
    6,1,10,0,4,0,0,8,0,4,0,4,0,1,6
    1,1,0,4,0,4,0,0,0,0,4,0,0,1,1
    1,0,4,8,0,0,7,7,7,4,0,0,0,4,1
    1,0,0,0,4,0,0,7,0,0,4,0,0,0,1
    1,0,0,0,0,4,7,7,7,0,0,0,4,0,1
    1,1,1,1,0,0,4,0,0,4,0,1,1,1,1
    6,6,6,1,4,0,0,4,0,0,0,1,6,6,6
    6,6,6,1,0,0,4,0,0,0,9,1,6,6,6
    6,6,6,1,1,1,1,1,1,1,1,1,6,6,6
}
============================
Levell
25 0 0 0 0 0
{

}
============================
Levell
26 0 0 0 0 0
{

}
============================
Level
27 10 15 99 0 3
{
    6,1,1,1,1,1,1,1,1,1,1,1,1,1,6
    6,1,0,0,4,0,4,0,0,0,4,0,9,1,6
    1,1,0,4,0,4,0,0,4,0,0,0,0,1,1
    1,4,0,0,0,0,7,7,7,0,0,0,0,0,1
    1,0,0,0,4,0,0,7,0,4,0,4,0,4,1
    1,10,4,0,0,0,7,7,7,0,4,0,0,4,1
    1,1,1,1,0,0,4,8,0,4,0,1,1,1,1
    6,6,6,1,4,0,4,0,4,0,0,1,6,6,6
    6,6,6,1,4,0,0,0,4,0,0,1,6,6,6
    6,6,6,1,1,1,1,1,1,1,1,1,6,6,6
}
============================
Levell
28 0 0 0 0 0
{

}
============================
Levell
29 0 0 0 0 0
{

}
============================
Level
30 10 15 99 0 3
{
    6,1,1,1,1,1,1,1,1,1,1,1,1,1,6
    6,1,4,0,0,0,0,0,0,4,4,0,9,1,6
    1,1,0,4,0,0,0,4,0,0,0,0,0,1,1
    1,0,0,0,0,0,7,7,7,4,0,4,0,0,1
    1,4,0,0,4,0,0,7,0,4,0,0,4,0,1
    1,0,0,4,0,4,7,7,7,0,4,0,0,4,1
    1,1,1,1,0,0,0,0,0,4,0,1,1,1,1
    6,6,6,1,4,0,4,0,0,0,0,1,6,6,6
    6,6,6,1,10,0,0,4,0,4,0,1,6,6,6
    6,6,6,1,1,1,1,1,1,1,1,1,6,6,6
}
============================
Levell
31 0 0 0 0 0
{

}
============================
Levell
32 0 0 0 0 0
{

}
============================
Level
33 10 15 99 0 3
{
    6,1,1,1,1,1,1,1,1,1,1,1,1,1,6
    6,1,10,0,0,0,0,4,0,4,0,0,4,1,6
    1,1,0,4,0,4,0,0,0,4,0,4,0,1,1
    1,0,0,4,8,0,7,7,7,0,4,0,4,0,1
    1,4,4,0,0,0,0,7,0,4,0,0,0,0,1
    1,0,0,0,4,0,7,7,7,0,0,0,4,9,1
    1,1,1,1,0,4,0,0,0,4,0,1,1,1,1
    6,6,6,1,4,0,0,4,0,0,4,1,6,6,6
    6,6,6,1,0,0,4,0,0,4,0,1,6,6,6
    6,6,6,1,1,1,1,1,1,1,1,1,6,6,6
}
============================
Levell
34 0 0 0 0 0
{

}
============================
Levell
35 0 0 0 0 0
{

}
============================
Level
36 10 15 99 0 5
{
    6,1,1,1,1,1,1,1,1,1,1,1,1,1,6
    6,1,10,0,4,0,4,0,0,0,0,4,0,1,6
    1,1,0,0,0,0,0,4,0,0,4,0,4,1,1
    1,0,0,4,0,4,7,7,7,4,0,4,0,0,1
    1,0,4,4,4,0,0,7,0,0,8,0,4,0,1
    1,0,0,0,0,0,7,7,7,0,4,0,4,9,1
    1,1,1,1,4,0,4,0,0,0,0,1,1,1,1
    6,6,6,1,0,0,4,0,0,0,4,1,6,6,6
    6,6,6,1,0,4,0,0,0,4,0,1,6,6,6
    6,6,6,1,1,1,1,1,1,1,1,1,6,6,6
}
============================