Level
1 8 8 14
{
    1,1,1,1,1,1,1,1
    1,0,0,0,0,4,0,1
    1,0,4,4,4,0,0,1
    1,4,4,0,0,4,0,1
    1,0,0,0,4,9,4,1
    1,0,4,4,0,4,0,1
    1,10,0,0,0,0,0,1
    1,1,1,1,1,1,1,1
}
============================
Level
2 8 8 13
{
    1,1,1,1,1,1,1,1
    1,4,0,4,4,0,9,1
    1,0,4,0,0,4,0,1
    1,4,0,4,4,0,4,1
    1,4,0,4,4,0,4,1
    1,0,4,0,0,4,0,1
    1,10,0,4,4,0,4,1
    1,1,1,1,1,1,1,1   
}
============================
Level
3 8 8 13
{
    1,1,1,1,1,1,1,1
    1,4,0,0,4,0,9,1
    1,0,0,4,4,0,4,1
    1,0,4,0,4,0,0,1
    1,4,0,4,4,0,4,1
    1,0,0,4,4,0,0,1
    1,10,0,4,0,0,4,1
    1,1,1,1,1,1,1,1
}
============================
Level
4 8 8 12
{
    1,1,1,1,1,1,1,1
    1,0,0,0,0,0,9,1
    1,0,4,0,0,4,0,1
    1,4,0,4,0,0,0,1
    1,4,0,0,4,4,0,1
    1,0,4,0,4,0,0,1
    1,10,4,0,0,0,4,1
    1,1,1,1,1,1,1,1
}
============================
Level
5 8 8 14
{
    1,1,1,1,1,1,1,1
    1,0,0,0,4,0,9,1
    1,4,0,4,0,4,0,1
    1,0,4,0,4,0,0,1
    1,0,0,4,4,0,0,1
    1,0,0,0,0,4,4,1
    1,10,4,4,0,0,4,1
    1,1,1,1,1,1,1,1
}
============================
Level
6 8 8 13
{
    1,1,1,1,1,1,1,1
    1,4,0,4,4,0,9,1
    1,0,4,0,0,4,0,1
    1,4,0,4,4,0,4,1
    1,4,0,4,4,0,4,1
    1,0,4,0,0,4,0,1
    1,10,0,4,4,0,4,1
    1,1,1,1,1,1,1,1
}
============================
Level
7 8 8 24
{
    1,1,1,1,1,1,1,1
    1,5,4,4,0,0,9,1
    1,0,0,0,0,4,0,1
    1,4,4,4,0,4,0,1
    1,4,0,4,4,4,0,1
    1,0,4,0,0,4,4,1
    1,10,4,0,4,0,0,1
    1,1,1,1,1,1,1,1
}
============================
Level
8 8 8 24
{
    1,1,1,1,1,1,1,1
    1,0,4,0,4,0,9,1
    1,4,0,0,0,0,0,1
    1,4,0,4,4,4,4,1
    1,0,4,4,4,0,0,1
    1,4,0,4,0,4,0,1
    1,10,0,4,0,0,4,1
    1,1,1,1,1,1,1,1
}
============================
Level
9 8 8 22
{
    1,1,1,1,1,1,1,1
    1,0,0,4,4,0,9,1
    1,9,0,4,4,0,0,1
    1,4,0,4,0,4,0,1
    1,0,4,4,0,0,4,1
    1,0,0,0,4,4,0,1
    1,10,4,4,0,0,0,1
    1,1,1,1,1,1,1,1
}
============================
Level
10 8 8 20
{
    1,1,1,1,1,1,1,1
    1,0,0,0,4,4,9,1
    1,5,4,0,0,4,0,1
    1,4,0,0,0,0,0,1
    1,0,0,0,4,0,0,1
    1,4,4,0,0,4,4,1
    1,10,0,4,0,0,0,1
    1,1,1,1,1,1,1,1
}
============================
Level
11 8 8 18
{
    1,1,1,1,1,1,1,1
    1,4,0,4,0,0,0,1
    1,0,4,0,4,0,0,1
    1,0,0,0,0,0,4,1
    1,4,0,4,4,0,0,1
    1,0,4,4,0,0,0,1
    1,10,0,4,4,0,9,1
    1,1,1,1,1,1,1,1
}
<